3 10 5
5.555.6.81
856.556251
847.77.825
1 5
1 10
1 9
1 1
2 7
21 5 5
.6576
3..38
1423.
3..33
3356.
28415
75735
.6...
.7672
.4415
63467
41176
8..68
.3.45
43582
273..
773.6
51736
35268
55873
243.8
13 5
9 3
13 2
17 5
4 5
3 18 15
65..8672865185..18
453.17512454377651
6724564..1631..742
3 5
3 5
3 15
1 18
1 16
1 3
1 8
3 14
2 8
3 18
3 11
3 2
1 17
3 11
1 2
5 18 22
.64487.4.37..2..45
7..451..48..38.1.1
.37655.27.81417644
.28.86543317.83.25
6.3845.66.6.315..4
1 6
3 6
4 15
5 12
3 3
4 9
4 9
2 6
2 17
3 10
2 11
2 11
5 12
3 8
4 2
5 10
1 16
1 11
4 13
4 16
1 11
1 4
20 6 28
651248
566227
8.4681
57.277
74264.
7.2.75
865.17
.8..81
44.285
134144
623836
65776.
156687
5..567
7.8.46
.866.1
584451
.747.8
6.6651
883.56
20 2
3 4
19 6
1 5
8 4
15 1
7 3
17 6
19 6
1 3
1 4
9 5
13 6
11 4
6 4
2 5
3 6
13 4
12 6
3 6
19 2
14 5
6 6
7 5
13 3
1 1
17 5
15 4
18 16 26
5.342..5.51.6886
544.76627.182.3.
32754.1277452286
.771.1824155.2.5
51...125.47213.6
561.6.278417.5.1
7371.63135....28
466.425888284223
3315456.7735.147
8163248.65563.4.
2455578627.23.32
...37545386.4818
2568.247.4.6.5..
.625..48.4.5.846
68658.13.1..6453
1588274163.82432
271.82.455.45...
.57..5.5842126.5
13 13
18 13
11 3
15 1
10 1
14 14
6 16
9 9
5 1
18 11
18 12
12 10
2 12
1 1
12 1
13 3
11 4
4 9
10 12
6 9
13 12
11 6
4 16
11 12
8 12
6 9
25 16 2
46677575768832..
.8644.425.188883
.488..5.422325..
7814474.13358732
4667223.7...1428
45513564.35.7.68
.5.388.5.5782587
.188.14115466768
1868826.85442356
.62.1336.772.751
38.41.7547388828
4..7474.83744528
686.64161.5528..
8.5853.417.84.6.
6178.283215.127.
84.672.86457.115
.777..755616.683
661.45..36435883
464..3.222187.64
.8.325255...1141
152.27.54422.581
6751.881616.55.6
22.62.281.43416.
..3...267213.63.
5254..44.3.5.2.5
20 4
1 9
5 5 3
.8728
33662
63885
.6365
72..1
5 4
5 1
5 4
3 3 4
745
626
128
1 3
3 2
2 3
3 2
21 18 7
672876645511..1217
236.6426213.664.88
1555.25226.7.675..
368535.2.713377.67
1.261828.642487473
1761.5838216331888
825163.7.444173.53
2435.566731.1.32.2
.4.74..547..34347.
368.58661.86886528
7.68.12.654688.167
516637.718.84254.3
233.8748.5.4413358
715748.5.8.1.856.1
5654.8783.8631.6.2
3143386544.7378.62
45.2872125.627.8.1
.25541846588.57754
76.36...327.7131.7
271183383.8.8712.3
3526.33.5113816514
9 9
11 10
5 13
11 14
6 1
9 18
14 15
3 5 12
.3852
.3788
488..
2 5
3 5
3 4
2 5
3 3
1 3
1 1
2 3
2 4
2 3
3 1
1 3
21 9 23
5134.1.14
5.6184458
4815741.8
37334.784
7.64.65.7
261.5846.
4.3.3.883
..771425.
.23337.88
636124125
56145..71
636582815
67.776528
576128.45
.23461.62
3.2486461
33.8...26
68.4.1614
77.867287
8544.8.75
5..438183
10 5
11 6
4 5
17 3
13 2
7 3
8 3
12 3
16 2
11 8
6 9
19 6
17 4
3 4
6 2
2 7
10 9
14 1
1 3
4 7
20 3
7 1
18 3
12 3 15
7.3
663
1..
521
413
124
172
762
872
875
421
7..
7 1
1 2
6 2
4 3
9 1
4 1
1 1
8 1
10 2
1 3
10 3
4 1
12 3
11 1
2 2
14 5 14
.4.84
.13.4
61446
3.1.8
.238.
6846.
.1336
..628
67..6
.1876
54588
27814
44311
64541
12 1
7 1
9 3
8 3
8 1
9 5
5 1
5 1
13 1
10 2
14 4
9 1
2 1
12 1
2 12 17
3.7161231.77
58..7317.6.3
2 2
1 12
2 9
2 8
1 7
1 4
1 10
1 1
2 3
2 12
1 8
1 12
1 6
1 6
1 11
2 1
2 7
11 6 15
.2.186
.15873
1.8431
645733
525866
21415.
6276.4
.45388
272361
5381.4
2..2.5
8 5
9 5
8 5
5 5
11 6
5 4
10 1
5 1
7 4
5 6
10 6
11 5
10 4
2 4
2 6
6 13 18
624725544...4
8353523354..1
517.877783...
823.8...7474.
85566128.872.
335767558.871
3 1
1 2
4 5
3 6
6 8
2 9
1 10
6 2
2 13
6 10
2 12
5 4
1 10
3 10
5 12
6 13
2 13
2 6
21 15 17
76257873717.45.
36.2274.62283..
.885.774.854864
.6422.87855314.
3.5652547613513
5732.6176466.56
5.177..4463.181
13553252..5225.
67727248167.2.3
3.677461.178.55
55.724511747655
6.5.338788.18.2
6377.665..8...2
63333.174.2.88.
6821726..673765
6653665.636218.
88458185.344868
.1.643.831...66
22..33551133878
.46.327637.5831
751848683576131
12 5
16 5
4 13
13 15
4 10
19 5
17 3
5 5
1 8
21 10
12 13
17 3
6 12
19 1
21 3
7 2
2 9
20 2 15
1.
5.
38
21
47
16
32
..
.7
.4
21
42
22
58
33
87
38
62
51
86
16 1
18 1
14 1
4 1
3 2
18 1
1 1
6 2
11 2
8 2
3 2
4 2
15 1
4 1
19 1
21 16 22
1638538617177662
21864564...4.1..
..2153.7.4257.28
.8363271.66.6..2
7728144..616.651
843..127.8565331
1..7353.8272.688
51.8412225351864
7.87.746673..825
.2.886.486416184
675.8.2236666747
145..84.1.7.76.7
78.38.5..312824.
57171127441.7771
5.4.4.27..2831.5
3785..486.47.781
1246786825.15541
72.3788....7..64
61.33314..876.51
3828163421412514
2.325..1.42.3.14
8 16
10 3
9 5
8 11
13 10
4 13
14 6
2 12
12 14
21 1
1 11
2 8
8 4
17 11
9 14
14 9
21 3
8 16
20 14
6 16
13 13
15 9
0 0 0